image: museum.pgm
resolution: 0.010000
origin: [-34.24, -28.61, 0.000000]
negate: 0
occupied_thresh: 0.65
free_thresh: 0.196

